[-1.12807795e-01  3.90409604e-02 -2.03171745e-02 -1.20357620e-02
 -4.06065732e-02 -4.12780233e-03  9.62152928e-02 -9.49325114e-02
  1.90101534e-01 -5.07671721e-02  2.27610305e-01 -4.01103310e-02
 -2.20840842e-01 -1.65919706e-01  2.69345008e-04  1.24553554e-01
 -7.87508413e-02 -1.61774933e-01 -5.76767959e-02 -5.00000045e-02
  7.14266747e-02 -3.74151655e-02  4.43627033e-03  8.73870626e-02
 -2.08050266e-01 -3.53533745e-01 -6.97296932e-02 -1.24065161e-01
  5.71329333e-03 -1.23633720e-01  1.07579455e-02  9.65377539e-02
 -2.41682976e-01 -8.90978128e-02  1.19318403e-02  9.71470326e-02
  1.52600929e-02  4.10256907e-04  1.64721027e-01  1.24807283e-02
 -1.86471730e-01  5.40295877e-02  7.85681754e-02  2.70467788e-01
  1.70743018e-01  3.50638293e-02  4.56356928e-02 -8.13014954e-02
  7.70565420e-02 -2.67770469e-01  9.96434391e-02  8.51262957e-02
  8.80063325e-02  8.07812251e-03  7.23021030e-02 -1.62059009e-01
 -1.29431728e-02  1.40584946e-01 -2.56578922e-01  1.08254388e-01
  4.56324369e-02  8.63992237e-03 -5.18673062e-02  2.74031274e-02
  1.58481717e-01  1.08276829e-01 -7.98664913e-02 -7.49137104e-02
  1.99682072e-01 -1.71308279e-01  5.37082180e-02  8.72893482e-02
 -1.00172974e-01 -2.62278438e-01 -2.52016425e-01  1.17698297e-01
  4.76839781e-01  1.87054291e-01 -1.22674368e-01  7.74026364e-02
 -9.18782577e-02  3.74496542e-02  1.13581806e-01 -1.69650652e-04
 -4.29811664e-02 -3.84964868e-02 -7.92614892e-02  1.25785530e-01
  1.70553565e-01  7.72985965e-02 -1.94007903e-02  2.37094834e-01
 -1.09036211e-02 -5.98467467e-03  1.79193020e-02  1.88285224e-02
 -5.64978570e-02  4.48377691e-02 -1.21892422e-01 -1.62786432e-02
  1.12661645e-02 -5.06460890e-02  7.31947646e-02  9.23417360e-02
 -2.15606958e-01  9.94507968e-02  3.49762826e-03 -2.71513946e-02
  2.62486376e-03  4.69097570e-02 -6.83266371e-02  2.05260552e-02
  7.65388682e-02 -3.15868586e-01  2.11590677e-01  1.52321339e-01
 -1.54846348e-05  1.43503800e-01  4.19105440e-02  1.87395252e-02
  9.21974927e-02 -9.14823934e-02 -1.81342050e-01  6.57757511e-03
  7.66030997e-02 -6.96239173e-02  8.96115080e-02  1.76079925e-02]
