[-1.12807795e-01  3.90409604e-02 -2.03171745e-02 -1.20357620e-02
 -4.06065732e-02 -4.12780233e-03  9.62152928e-02 -9.49325114e-02
  1.90101534e-01 -5.07671721e-02  2.27610305e-01 -4.01103310e-02
 -2.20840842e-01 -1.65919706e-01  2.69345008e-04  1.24553554e-01
 -7.87508413e-02 -1.61774933e-01 -5.76767959e-02 -5.00000045e-02
  7.14266747e-02 -3.74151655e-02  4.43627033e-03  8.73870626e-02
 -2.08050266e-01 -3.53533745e-01 -6.97296932e-02 -1.24065161e-01
  5.71329333e-03 -1.23633720e-01  1.07579455e-02  9.65377539e-02
 -2.41682976e-01 -8.90978128e-02  1.19318403e-02  9.71470326e-02
  1.52600929e-02  4.10256907e-04  1.64721027e-01  1.24807283e-02
 -1.86471730e-01  5.40295877e-02  7.85681754e-02  2.70467788e-01
  1.70743018e-01  3.50638293e-02  4.56356928e-02 -8.13014954e-02
  7.70565420e-02 -2.67770469e-01  9.96434391e-02  8.51262957e-02
  8.80063325e-02  8.07812251e-03  7.23021030e-02 -1.62059009e-01
 -1.29431728e-02  1.40584946e-01 -2.56578922e-01  1.08254388e-01
  4.56324369e-02  8.63992237e-03 -5.18673062e-02  2.74031274e-02
  1.58481717e-01  1.08276829e-01 -7.98664913e-02 -7.49137104e-02
  1.99682072e-01 -1.71308279e-01  5.37082180e-02  8.72893482e-02
 -1.00172974e-01 -2.62278438e-01 -2.52016425e-01  1.17698297e-01
  4.76839781e-01  1.87054291e-01 -1.22674368e-01  7.74026364e-02
 -9.18782577e-02  3.74496542e-02  1.13581806e-01 -1.69650652e-04
 -4.29811664e-02 -3.84964868e-02 -7.92614892e-02  1.25785530e-01
  1.70553565e-01  7.72985965e-02 -1.94007903e-02  2.37094834e-01
 -1.09036211e-02 -5.98467467e-03  1.79193020e-02  1.88285224e-02
 -5.64978570e-02  4.48377691e-02 -1.21892422e-01 -1.62786432e-02
  1.12661645e-02 -5.06460890e-02  7.31947646e-02  9.23417360e-02
 -2.15606958e-01  9.94507968e-02  3.49762826e-03 -2.71513946e-02
  2.62486376e-03  4.69097570e-02 -6.83266371e-02  2.05260552e-02
  7.65388682e-02 -3.15868586e-01  2.11590677e-01  1.52321339e-01
 -1.54846348e-05  1.43503800e-01  4.19105440e-02  1.87395252e-02
  9.21974927e-02 -9.14823934e-02 -1.81342050e-01  6.57757511e-03
  7.66030997e-02 -6.96239173e-02  8.96115080e-02  1.76079925e-02]
[-1.12807795e-01  3.90409604e-02 -2.03171745e-02 -1.20357620e-02
 -4.06065732e-02 -4.12780233e-03  9.62152928e-02 -9.49325114e-02
  1.90101534e-01 -5.07671721e-02  2.27610305e-01 -4.01103310e-02
 -2.20840842e-01 -1.65919706e-01  2.69345008e-04  1.24553554e-01
 -7.87508413e-02 -1.61774933e-01 -5.76767959e-02 -5.00000045e-02
  7.14266747e-02 -3.74151655e-02  4.43627033e-03  8.73870626e-02
 -2.08050266e-01 -3.53533745e-01 -6.97296932e-02 -1.24065161e-01
  5.71329333e-03 -1.23633720e-01  1.07579455e-02  9.65377539e-02
 -2.41682976e-01 -8.90978128e-02  1.19318403e-02  9.71470326e-02
  1.52600929e-02  4.10256907e-04  1.64721027e-01  1.24807283e-02
 -1.86471730e-01  5.40295877e-02  7.85681754e-02  2.70467788e-01
  1.70743018e-01  3.50638293e-02  4.56356928e-02 -8.13014954e-02
  7.70565420e-02 -2.67770469e-01  9.96434391e-02  8.51262957e-02
  8.80063325e-02  8.07812251e-03  7.23021030e-02 -1.62059009e-01
 -1.29431728e-02  1.40584946e-01 -2.56578922e-01  1.08254388e-01
  4.56324369e-02  8.63992237e-03 -5.18673062e-02  2.74031274e-02
  1.58481717e-01  1.08276829e-01 -7.98664913e-02 -7.49137104e-02
  1.99682072e-01 -1.71308279e-01  5.37082180e-02  8.72893482e-02
 -1.00172974e-01 -2.62278438e-01 -2.52016425e-01  1.17698297e-01
  4.76839781e-01  1.87054291e-01 -1.22674368e-01  7.74026364e-02
 -9.18782577e-02  3.74496542e-02  1.13581806e-01 -1.69650652e-04
 -4.29811664e-02 -3.84964868e-02 -7.92614892e-02  1.25785530e-01
  1.70553565e-01  7.72985965e-02 -1.94007903e-02  2.37094834e-01
 -1.09036211e-02 -5.98467467e-03  1.79193020e-02  1.88285224e-02
 -5.64978570e-02  4.48377691e-02 -1.21892422e-01 -1.62786432e-02
  1.12661645e-02 -5.06460890e-02  7.31947646e-02  9.23417360e-02
 -2.15606958e-01  9.94507968e-02  3.49762826e-03 -2.71513946e-02
  2.62486376e-03  4.69097570e-02 -6.83266371e-02  2.05260552e-02
  7.65388682e-02 -3.15868586e-01  2.11590677e-01  1.52321339e-01
 -1.54846348e-05  1.43503800e-01  4.19105440e-02  1.87395252e-02
  9.21974927e-02 -9.14823934e-02 -1.81342050e-01  6.57757511e-03
  7.66030997e-02 -6.96239173e-02  8.96115080e-02  1.76079925e-02]
[-0.17189339  0.05337523  0.14420442 -0.00094773 -0.09064394 -0.12418991
 -0.03859889 -0.01127634  0.15594935 -0.06030165  0.20781286 -0.0657168
 -0.124366   -0.07249457  0.08824234  0.1108376  -0.14992158 -0.07010972
 -0.04388142 -0.11085552 -0.01772725 -0.05120303  0.02027987  0.06592976
 -0.04784279 -0.40336636 -0.11241393 -0.15818733  0.04147655 -0.07080603
  0.0254793   0.05974195 -0.1480474  -0.10908775  0.00466355  0.13007861
 -0.01939283 -0.07308002  0.20736784 -0.11988536 -0.07471029 -0.04399594
 -0.01855283  0.26332858  0.09932949  0.08135512  0.06224346  0.04798064
  0.15027261 -0.20257004  0.0840885   0.09749188  0.08328993 -0.00712829
  0.08507561 -0.1084113   0.06392442  0.12433215 -0.22728834  0.07896221
  0.03616019 -0.12692903 -0.10530298 -0.02320226  0.32351166  0.1949645
 -0.07987728 -0.11619069  0.15378682 -0.12768358 -0.00547565  0.00656059
 -0.13363963 -0.12824586 -0.25270954  0.05766743  0.39256084  0.07006808
 -0.22174789  0.04699359 -0.08842835 -0.00587414  0.06853782  0.1146111
 -0.09659462  0.03806659 -0.13045557  0.00417585  0.15125801  0.00836175
 -0.04119418  0.18477646  0.01677224  0.0349512   0.03429441 -0.10609888
 -0.03117577 -0.07605984 -0.11491783 -0.03717938  0.14662582 -0.0470042
 -0.07232721  0.04775292 -0.23097521  0.10813421 -0.02247056  0.02403215
 -0.00536462 -0.0037757  -0.11877871 -0.04879485  0.19079362 -0.24181832
  0.13730994  0.16122167 -0.0035693   0.20417535  0.03031017  0.05448063
  0.02380355 -0.02904854 -0.16459143 -0.02967447  0.07456485  0.02637423
  0.03925673  0.0697821 ]
[-0.17189339  0.05337523  0.14420442 -0.00094773 -0.09064394 -0.12418991
 -0.03859889 -0.01127634  0.15594935 -0.06030165  0.20781286 -0.0657168
 -0.124366   -0.07249457  0.08824234  0.1108376  -0.14992158 -0.07010972
 -0.04388142 -0.11085552 -0.01772725 -0.05120303  0.02027987  0.06592976
 -0.04784279 -0.40336636 -0.11241393 -0.15818733  0.04147655 -0.07080603
  0.0254793   0.05974195 -0.1480474  -0.10908775  0.00466355  0.13007861
 -0.01939283 -0.07308002  0.20736784 -0.11988536 -0.07471029 -0.04399594
 -0.01855283  0.26332858  0.09932949  0.08135512  0.06224346  0.04798064
  0.15027261 -0.20257004  0.0840885   0.09749188  0.08328993 -0.00712829
  0.08507561 -0.1084113   0.06392442  0.12433215 -0.22728834  0.07896221
  0.03616019 -0.12692903 -0.10530298 -0.02320226  0.32351166  0.1949645
 -0.07987728 -0.11619069  0.15378682 -0.12768358 -0.00547565  0.00656059
 -0.13363963 -0.12824586 -0.25270954  0.05766743  0.39256084  0.07006808
 -0.22174789  0.04699359 -0.08842835 -0.00587414  0.06853782  0.1146111
 -0.09659462  0.03806659 -0.13045557  0.00417585  0.15125801  0.00836175
 -0.04119418  0.18477646  0.01677224  0.0349512   0.03429441 -0.10609888
 -0.03117577 -0.07605984 -0.11491783 -0.03717938  0.14662582 -0.0470042
 -0.07232721  0.04775292 -0.23097521  0.10813421 -0.02247056  0.02403215
 -0.00536462 -0.0037757  -0.11877871 -0.04879485  0.19079362 -0.24181832
  0.13730994  0.16122167 -0.0035693   0.20417535  0.03031017  0.05448063
  0.02380355 -0.02904854 -0.16459143 -0.02967447  0.07456485  0.02637423
  0.03925673  0.0697821 ]
[-0.17189339  0.05337523  0.14420442 -0.00094773 -0.09064394 -0.12418991
 -0.03859889 -0.01127634  0.15594935 -0.06030165  0.20781286 -0.0657168
 -0.124366   -0.07249457  0.08824234  0.1108376  -0.14992158 -0.07010972
 -0.04388142 -0.11085552 -0.01772725 -0.05120303  0.02027987  0.06592976
 -0.04784279 -0.40336636 -0.11241393 -0.15818733  0.04147655 -0.07080603
  0.0254793   0.05974195 -0.1480474  -0.10908775  0.00466355  0.13007861
 -0.01939283 -0.07308002  0.20736784 -0.11988536 -0.07471029 -0.04399594
 -0.01855283  0.26332858  0.09932949  0.08135512  0.06224346  0.04798064
  0.15027261 -0.20257004  0.0840885   0.09749188  0.08328993 -0.00712829
  0.08507561 -0.1084113   0.06392442  0.12433215 -0.22728834  0.07896221
  0.03616019 -0.12692903 -0.10530298 -0.02320226  0.32351166  0.1949645
 -0.07987728 -0.11619069  0.15378682 -0.12768358 -0.00547565  0.00656059
 -0.13363963 -0.12824586 -0.25270954  0.05766743  0.39256084  0.07006808
 -0.22174789  0.04699359 -0.08842835 -0.00587414  0.06853782  0.1146111
 -0.09659462  0.03806659 -0.13045557  0.00417585  0.15125801  0.00836175
 -0.04119418  0.18477646  0.01677224  0.0349512   0.03429441 -0.10609888
 -0.03117577 -0.07605984 -0.11491783 -0.03717938  0.14662582 -0.0470042
 -0.07232721  0.04775292 -0.23097521  0.10813421 -0.02247056  0.02403215
 -0.00536462 -0.0037757  -0.11877871 -0.04879485  0.19079362 -0.24181832
  0.13730994  0.16122167 -0.0035693   0.20417535  0.03031017  0.05448063
  0.02380355 -0.02904854 -0.16459143 -0.02967447  0.07456485  0.02637423
  0.03925673  0.0697821 ]
[-0.17189339  0.05337523  0.14420442 -0.00094773 -0.09064394 -0.12418991
 -0.03859889 -0.01127634  0.15594935 -0.06030165  0.20781286 -0.0657168
 -0.124366   -0.07249457  0.08824234  0.1108376  -0.14992158 -0.07010972
 -0.04388142 -0.11085552 -0.01772725 -0.05120303  0.02027987  0.06592976
 -0.04784279 -0.40336636 -0.11241393 -0.15818733  0.04147655 -0.07080603
  0.0254793   0.05974195 -0.1480474  -0.10908775  0.00466355  0.13007861
 -0.01939283 -0.07308002  0.20736784 -0.11988536 -0.07471029 -0.04399594
 -0.01855283  0.26332858  0.09932949  0.08135512  0.06224346  0.04798064
  0.15027261 -0.20257004  0.0840885   0.09749188  0.08328993 -0.00712829
  0.08507561 -0.1084113   0.06392442  0.12433215 -0.22728834  0.07896221
  0.03616019 -0.12692903 -0.10530298 -0.02320226  0.32351166  0.1949645
 -0.07987728 -0.11619069  0.15378682 -0.12768358 -0.00547565  0.00656059
 -0.13363963 -0.12824586 -0.25270954  0.05766743  0.39256084  0.07006808
 -0.22174789  0.04699359 -0.08842835 -0.00587414  0.06853782  0.1146111
 -0.09659462  0.03806659 -0.13045557  0.00417585  0.15125801  0.00836175
 -0.04119418  0.18477646  0.01677224  0.0349512   0.03429441 -0.10609888
 -0.03117577 -0.07605984 -0.11491783 -0.03717938  0.14662582 -0.0470042
 -0.07232721  0.04775292 -0.23097521  0.10813421 -0.02247056  0.02403215
 -0.00536462 -0.0037757  -0.11877871 -0.04879485  0.19079362 -0.24181832
  0.13730994  0.16122167 -0.0035693   0.20417535  0.03031017  0.05448063
  0.02380355 -0.02904854 -0.16459143 -0.02967447  0.07456485  0.02637423
  0.03925673  0.0697821 ]
[-0.17189339  0.05337523  0.14420442 -0.00094773 -0.09064394 -0.12418991
 -0.03859889 -0.01127634  0.15594935 -0.06030165  0.20781286 -0.0657168
 -0.124366   -0.07249457  0.08824234  0.1108376  -0.14992158 -0.07010972
 -0.04388142 -0.11085552 -0.01772725 -0.05120303  0.02027987  0.06592976
 -0.04784279 -0.40336636 -0.11241393 -0.15818733  0.04147655 -0.07080603
  0.0254793   0.05974195 -0.1480474  -0.10908775  0.00466355  0.13007861
 -0.01939283 -0.07308002  0.20736784 -0.11988536 -0.07471029 -0.04399594
 -0.01855283  0.26332858  0.09932949  0.08135512  0.06224346  0.04798064
  0.15027261 -0.20257004  0.0840885   0.09749188  0.08328993 -0.00712829
  0.08507561 -0.1084113   0.06392442  0.12433215 -0.22728834  0.07896221
  0.03616019 -0.12692903 -0.10530298 -0.02320226  0.32351166  0.1949645
 -0.07987728 -0.11619069  0.15378682 -0.12768358 -0.00547565  0.00656059
 -0.13363963 -0.12824586 -0.25270954  0.05766743  0.39256084  0.07006808
 -0.22174789  0.04699359 -0.08842835 -0.00587414  0.06853782  0.1146111
 -0.09659462  0.03806659 -0.13045557  0.00417585  0.15125801  0.00836175
 -0.04119418  0.18477646  0.01677224  0.0349512   0.03429441 -0.10609888
 -0.03117577 -0.07605984 -0.11491783 -0.03717938  0.14662582 -0.0470042
 -0.07232721  0.04775292 -0.23097521  0.10813421 -0.02247056  0.02403215
 -0.00536462 -0.0037757  -0.11877871 -0.04879485  0.19079362 -0.24181832
  0.13730994  0.16122167 -0.0035693   0.20417535  0.03031017  0.05448063
  0.02380355 -0.02904854 -0.16459143 -0.02967447  0.07456485  0.02637423
  0.03925673  0.0697821 ]
[-0.17189339  0.05337523  0.14420442 -0.00094773 -0.09064394 -0.12418991
 -0.03859889 -0.01127634  0.15594935 -0.06030165  0.20781286 -0.0657168
 -0.124366   -0.07249457  0.08824234  0.1108376  -0.14992158 -0.07010972
 -0.04388142 -0.11085552 -0.01772725 -0.05120303  0.02027987  0.06592976
 -0.04784279 -0.40336636 -0.11241393 -0.15818733  0.04147655 -0.07080603
  0.0254793   0.05974195 -0.1480474  -0.10908775  0.00466355  0.13007861
 -0.01939283 -0.07308002  0.20736784 -0.11988536 -0.07471029 -0.04399594
 -0.01855283  0.26332858  0.09932949  0.08135512  0.06224346  0.04798064
  0.15027261 -0.20257004  0.0840885   0.09749188  0.08328993 -0.00712829
  0.08507561 -0.1084113   0.06392442  0.12433215 -0.22728834  0.07896221
  0.03616019 -0.12692903 -0.10530298 -0.02320226  0.32351166  0.1949645
 -0.07987728 -0.11619069  0.15378682 -0.12768358 -0.00547565  0.00656059
 -0.13363963 -0.12824586 -0.25270954  0.05766743  0.39256084  0.07006808
 -0.22174789  0.04699359 -0.08842835 -0.00587414  0.06853782  0.1146111
 -0.09659462  0.03806659 -0.13045557  0.00417585  0.15125801  0.00836175
 -0.04119418  0.18477646  0.01677224  0.0349512   0.03429441 -0.10609888
 -0.03117577 -0.07605984 -0.11491783 -0.03717938  0.14662582 -0.0470042
 -0.07232721  0.04775292 -0.23097521  0.10813421 -0.02247056  0.02403215
 -0.00536462 -0.0037757  -0.11877871 -0.04879485  0.19079362 -0.24181832
  0.13730994  0.16122167 -0.0035693   0.20417535  0.03031017  0.05448063
  0.02380355 -0.02904854 -0.16459143 -0.02967447  0.07456485  0.02637423
  0.03925673  0.0697821 ]
[-0.17189339  0.05337523  0.14420442 -0.00094773 -0.09064394 -0.12418991
 -0.03859889 -0.01127634  0.15594935 -0.06030165  0.20781286 -0.0657168
 -0.124366   -0.07249457  0.08824234  0.1108376  -0.14992158 -0.07010972
 -0.04388142 -0.11085552 -0.01772725 -0.05120303  0.02027987  0.06592976
 -0.04784279 -0.40336636 -0.11241393 -0.15818733  0.04147655 -0.07080603
  0.0254793   0.05974195 -0.1480474  -0.10908775  0.00466355  0.13007861
 -0.01939283 -0.07308002  0.20736784 -0.11988536 -0.07471029 -0.04399594
 -0.01855283  0.26332858  0.09932949  0.08135512  0.06224346  0.04798064
  0.15027261 -0.20257004  0.0840885   0.09749188  0.08328993 -0.00712829
  0.08507561 -0.1084113   0.06392442  0.12433215 -0.22728834  0.07896221
  0.03616019 -0.12692903 -0.10530298 -0.02320226  0.32351166  0.1949645
 -0.07987728 -0.11619069  0.15378682 -0.12768358 -0.00547565  0.00656059
 -0.13363963 -0.12824586 -0.25270954  0.05766743  0.39256084  0.07006808
 -0.22174789  0.04699359 -0.08842835 -0.00587414  0.06853782  0.1146111
 -0.09659462  0.03806659 -0.13045557  0.00417585  0.15125801  0.00836175
 -0.04119418  0.18477646  0.01677224  0.0349512   0.03429441 -0.10609888
 -0.03117577 -0.07605984 -0.11491783 -0.03717938  0.14662582 -0.0470042
 -0.07232721  0.04775292 -0.23097521  0.10813421 -0.02247056  0.02403215
 -0.00536462 -0.0037757  -0.11877871 -0.04879485  0.19079362 -0.24181832
  0.13730994  0.16122167 -0.0035693   0.20417535  0.03031017  0.05448063
  0.02380355 -0.02904854 -0.16459143 -0.02967447  0.07456485  0.02637423
  0.03925673  0.0697821 ]
[-0.17189339  0.05337523  0.14420442 -0.00094773 -0.09064394 -0.12418991
 -0.03859889 -0.01127634  0.15594935 -0.06030165  0.20781286 -0.0657168
 -0.124366   -0.07249457  0.08824234  0.1108376  -0.14992158 -0.07010972
 -0.04388142 -0.11085552 -0.01772725 -0.05120303  0.02027987  0.06592976
 -0.04784279 -0.40336636 -0.11241393 -0.15818733  0.04147655 -0.07080603
  0.0254793   0.05974195 -0.1480474  -0.10908775  0.00466355  0.13007861
 -0.01939283 -0.07308002  0.20736784 -0.11988536 -0.07471029 -0.04399594
 -0.01855283  0.26332858  0.09932949  0.08135512  0.06224346  0.04798064
  0.15027261 -0.20257004  0.0840885   0.09749188  0.08328993 -0.00712829
  0.08507561 -0.1084113   0.06392442  0.12433215 -0.22728834  0.07896221
  0.03616019 -0.12692903 -0.10530298 -0.02320226  0.32351166  0.1949645
 -0.07987728 -0.11619069  0.15378682 -0.12768358 -0.00547565  0.00656059
 -0.13363963 -0.12824586 -0.25270954  0.05766743  0.39256084  0.07006808
 -0.22174789  0.04699359 -0.08842835 -0.00587414  0.06853782  0.1146111
 -0.09659462  0.03806659 -0.13045557  0.00417585  0.15125801  0.00836175
 -0.04119418  0.18477646  0.01677224  0.0349512   0.03429441 -0.10609888
 -0.03117577 -0.07605984 -0.11491783 -0.03717938  0.14662582 -0.0470042
 -0.07232721  0.04775292 -0.23097521  0.10813421 -0.02247056  0.02403215
 -0.00536462 -0.0037757  -0.11877871 -0.04879485  0.19079362 -0.24181832
  0.13730994  0.16122167 -0.0035693   0.20417535  0.03031017  0.05448063
  0.02380355 -0.02904854 -0.16459143 -0.02967447  0.07456485  0.02637423
  0.03925673  0.0697821 ]
[-0.17189339  0.05337523  0.14420442 -0.00094773 -0.09064394 -0.12418991
 -0.03859889 -0.01127634  0.15594935 -0.06030165  0.20781286 -0.0657168
 -0.124366   -0.07249457  0.08824234  0.1108376  -0.14992158 -0.07010972
 -0.04388142 -0.11085552 -0.01772725 -0.05120303  0.02027987  0.06592976
 -0.04784279 -0.40336636 -0.11241393 -0.15818733  0.04147655 -0.07080603
  0.0254793   0.05974195 -0.1480474  -0.10908775  0.00466355  0.13007861
 -0.01939283 -0.07308002  0.20736784 -0.11988536 -0.07471029 -0.04399594
 -0.01855283  0.26332858  0.09932949  0.08135512  0.06224346  0.04798064
  0.15027261 -0.20257004  0.0840885   0.09749188  0.08328993 -0.00712829
  0.08507561 -0.1084113   0.06392442  0.12433215 -0.22728834  0.07896221
  0.03616019 -0.12692903 -0.10530298 -0.02320226  0.32351166  0.1949645
 -0.07987728 -0.11619069  0.15378682 -0.12768358 -0.00547565  0.00656059
 -0.13363963 -0.12824586 -0.25270954  0.05766743  0.39256084  0.07006808
 -0.22174789  0.04699359 -0.08842835 -0.00587414  0.06853782  0.1146111
 -0.09659462  0.03806659 -0.13045557  0.00417585  0.15125801  0.00836175
 -0.04119418  0.18477646  0.01677224  0.0349512   0.03429441 -0.10609888
 -0.03117577 -0.07605984 -0.11491783 -0.03717938  0.14662582 -0.0470042
 -0.07232721  0.04775292 -0.23097521  0.10813421 -0.02247056  0.02403215
 -0.00536462 -0.0037757  -0.11877871 -0.04879485  0.19079362 -0.24181832
  0.13730994  0.16122167 -0.0035693   0.20417535  0.03031017  0.05448063
  0.02380355 -0.02904854 -0.16459143 -0.02967447  0.07456485  0.02637423
  0.03925673  0.0697821 ]
[-0.17189339  0.05337523  0.14420442 -0.00094773 -0.09064394 -0.12418991
 -0.03859889 -0.01127634  0.15594935 -0.06030165  0.20781286 -0.0657168
 -0.124366   -0.07249457  0.08824234  0.1108376  -0.14992158 -0.07010972
 -0.04388142 -0.11085552 -0.01772725 -0.05120303  0.02027987  0.06592976
 -0.04784279 -0.40336636 -0.11241393 -0.15818733  0.04147655 -0.07080603
  0.0254793   0.05974195 -0.1480474  -0.10908775  0.00466355  0.13007861
 -0.01939283 -0.07308002  0.20736784 -0.11988536 -0.07471029 -0.04399594
 -0.01855283  0.26332858  0.09932949  0.08135512  0.06224346  0.04798064
  0.15027261 -0.20257004  0.0840885   0.09749188  0.08328993 -0.00712829
  0.08507561 -0.1084113   0.06392442  0.12433215 -0.22728834  0.07896221
  0.03616019 -0.12692903 -0.10530298 -0.02320226  0.32351166  0.1949645
 -0.07987728 -0.11619069  0.15378682 -0.12768358 -0.00547565  0.00656059
 -0.13363963 -0.12824586 -0.25270954  0.05766743  0.39256084  0.07006808
 -0.22174789  0.04699359 -0.08842835 -0.00587414  0.06853782  0.1146111
 -0.09659462  0.03806659 -0.13045557  0.00417585  0.15125801  0.00836175
 -0.04119418  0.18477646  0.01677224  0.0349512   0.03429441 -0.10609888
 -0.03117577 -0.07605984 -0.11491783 -0.03717938  0.14662582 -0.0470042
 -0.07232721  0.04775292 -0.23097521  0.10813421 -0.02247056  0.02403215
 -0.00536462 -0.0037757  -0.11877871 -0.04879485  0.19079362 -0.24181832
  0.13730994  0.16122167 -0.0035693   0.20417535  0.03031017  0.05448063
  0.02380355 -0.02904854 -0.16459143 -0.02967447  0.07456485  0.02637423
  0.03925673  0.0697821 ]
[-0.17189339  0.05337523  0.14420442 -0.00094773 -0.09064394 -0.12418991
 -0.03859889 -0.01127634  0.15594935 -0.06030165  0.20781286 -0.0657168
 -0.124366   -0.07249457  0.08824234  0.1108376  -0.14992158 -0.07010972
 -0.04388142 -0.11085552 -0.01772725 -0.05120303  0.02027987  0.06592976
 -0.04784279 -0.40336636 -0.11241393 -0.15818733  0.04147655 -0.07080603
  0.0254793   0.05974195 -0.1480474  -0.10908775  0.00466355  0.13007861
 -0.01939283 -0.07308002  0.20736784 -0.11988536 -0.07471029 -0.04399594
 -0.01855283  0.26332858  0.09932949  0.08135512  0.06224346  0.04798064
  0.15027261 -0.20257004  0.0840885   0.09749188  0.08328993 -0.00712829
  0.08507561 -0.1084113   0.06392442  0.12433215 -0.22728834  0.07896221
  0.03616019 -0.12692903 -0.10530298 -0.02320226  0.32351166  0.1949645
 -0.07987728 -0.11619069  0.15378682 -0.12768358 -0.00547565  0.00656059
 -0.13363963 -0.12824586 -0.25270954  0.05766743  0.39256084  0.07006808
 -0.22174789  0.04699359 -0.08842835 -0.00587414  0.06853782  0.1146111
 -0.09659462  0.03806659 -0.13045557  0.00417585  0.15125801  0.00836175
 -0.04119418  0.18477646  0.01677224  0.0349512   0.03429441 -0.10609888
 -0.03117577 -0.07605984 -0.11491783 -0.03717938  0.14662582 -0.0470042
 -0.07232721  0.04775292 -0.23097521  0.10813421 -0.02247056  0.02403215
 -0.00536462 -0.0037757  -0.11877871 -0.04879485  0.19079362 -0.24181832
  0.13730994  0.16122167 -0.0035693   0.20417535  0.03031017  0.05448063
  0.02380355 -0.02904854 -0.16459143 -0.02967447  0.07456485  0.02637423
  0.03925673  0.0697821 ]
[-0.17189339  0.05337523  0.14420442 -0.00094773 -0.09064394 -0.12418991
 -0.03859889 -0.01127634  0.15594935 -0.06030165  0.20781286 -0.0657168
 -0.124366   -0.07249457  0.08824234  0.1108376  -0.14992158 -0.07010972
 -0.04388142 -0.11085552 -0.01772725 -0.05120303  0.02027987  0.06592976
 -0.04784279 -0.40336636 -0.11241393 -0.15818733  0.04147655 -0.07080603
  0.0254793   0.05974195 -0.1480474  -0.10908775  0.00466355  0.13007861
 -0.01939283 -0.07308002  0.20736784 -0.11988536 -0.07471029 -0.04399594
 -0.01855283  0.26332858  0.09932949  0.08135512  0.06224346  0.04798064
  0.15027261 -0.20257004  0.0840885   0.09749188  0.08328993 -0.00712829
  0.08507561 -0.1084113   0.06392442  0.12433215 -0.22728834  0.07896221
  0.03616019 -0.12692903 -0.10530298 -0.02320226  0.32351166  0.1949645
 -0.07987728 -0.11619069  0.15378682 -0.12768358 -0.00547565  0.00656059
 -0.13363963 -0.12824586 -0.25270954  0.05766743  0.39256084  0.07006808
 -0.22174789  0.04699359 -0.08842835 -0.00587414  0.06853782  0.1146111
 -0.09659462  0.03806659 -0.13045557  0.00417585  0.15125801  0.00836175
 -0.04119418  0.18477646  0.01677224  0.0349512   0.03429441 -0.10609888
 -0.03117577 -0.07605984 -0.11491783 -0.03717938  0.14662582 -0.0470042
 -0.07232721  0.04775292 -0.23097521  0.10813421 -0.02247056  0.02403215
 -0.00536462 -0.0037757  -0.11877871 -0.04879485  0.19079362 -0.24181832
  0.13730994  0.16122167 -0.0035693   0.20417535  0.03031017  0.05448063
  0.02380355 -0.02904854 -0.16459143 -0.02967447  0.07456485  0.02637423
  0.03925673  0.0697821 ]
[-1.01282410e-01  3.02396584e-02  3.00376602e-02  7.78657291e-03
 -6.90102056e-02 -9.29310359e-03  5.41903786e-02 -9.26666558e-02
  1.87485263e-01 -8.45734179e-02  2.60806143e-01 -1.42486859e-03
 -2.50371873e-01 -1.39995843e-01 -1.84593536e-02  1.29822820e-01
 -1.19354308e-01 -1.32585958e-01 -3.79380882e-02 -2.86104456e-02
  5.15525639e-02 -7.48855621e-02  1.77575089e-02  2.41844691e-02
 -1.75269723e-01 -3.56429577e-01 -8.78374502e-02 -1.01537913e-01
  1.34290997e-02 -4.56552617e-02 -3.93475592e-02  8.98619741e-02
 -1.98918223e-01 -8.81796181e-02 -7.92495161e-03  9.92627740e-02
  5.50666684e-03  3.17910314e-03  1.35013908e-01 -3.51872593e-02
 -1.53236002e-01  2.61096843e-02  5.82773164e-02  2.38211021e-01
  1.90069050e-01  4.36439514e-02  5.52829504e-02 -8.09386820e-02
  4.99851927e-02 -3.22549790e-01  1.25123441e-01  7.70773143e-02
  1.33149311e-01  4.12647799e-02  1.12414941e-01 -1.86742857e-01
  1.01170093e-02  1.10299997e-01 -2.35703394e-01  6.62398860e-02
  4.53163572e-02  4.82188612e-02  2.14135628e-02  1.00090001e-02
  1.90994710e-01  1.55823320e-01 -7.89298192e-02 -3.54273617e-02
  2.09942922e-01 -1.81059644e-01  5.96121661e-02  3.45236994e-02
 -9.70926583e-02 -2.53070921e-01 -2.88861275e-01  6.75345883e-02
  4.77590799e-01  2.50824660e-01 -1.37141034e-01  2.71060914e-02
 -1.11113019e-01  1.59369782e-02  1.29657984e-01 -4.68559153e-02
 -5.67171201e-02 -4.78935353e-02 -1.21988982e-01  8.84512961e-02
  1.59066364e-01  3.35125551e-02 -2.30252370e-02  2.24937692e-01
  3.59392986e-02 -3.08509916e-05  4.59108502e-02  2.94810813e-02
 -3.33567746e-02  2.76232548e-02 -1.59069270e-01  2.80385129e-02
 -6.24226034e-02 -8.07441399e-02  5.94123937e-02  7.77865499e-02
 -1.75249279e-01  8.31369311e-02  1.12172700e-02 -2.62473635e-02
 -2.88727004e-02  4.38494198e-02 -8.31500739e-02  5.70342410e-03
  8.74874964e-02 -3.04913938e-01  1.88362628e-01  1.50145128e-01
 -1.46207046e-02  1.84406668e-01  1.11489967e-02  5.11641502e-02
  3.07690501e-02 -1.24676980e-01 -1.28961489e-01 -1.75783932e-02
  8.22272897e-03 -6.98532090e-02  8.07756335e-02  8.04998949e-02]
[-1.45430565e-01  7.66027197e-02  1.19290225e-01 -2.15461310e-02
 -4.66852486e-02 -1.17831074e-01 -5.26990779e-02 -2.22320929e-02
  1.90300584e-01 -3.09931822e-02  2.11238742e-01 -3.08377557e-02
 -1.30770683e-01 -1.15996286e-01  6.49368241e-02  1.14401855e-01
 -1.12068422e-01 -7.17828870e-02 -5.65907881e-02 -9.31697711e-02
 -1.39696449e-02 -4.97416221e-02  3.51230465e-02  1.02727875e-01
 -7.94686675e-02 -3.78314465e-01 -1.17283955e-01 -1.55785918e-01
 -2.49019563e-02 -8.98928940e-02  1.40754376e-02  2.92692725e-02
 -1.16982214e-01 -1.23768203e-01 -1.12221902e-02  1.76172018e-01
 -3.40422578e-02 -7.92757124e-02  1.94588721e-01 -6.52486086e-02
 -1.02157302e-01 -2.20142007e-02  3.53750773e-04  2.64582872e-01
  1.38830200e-01  6.35362491e-02  7.81111270e-02  1.86436810e-02
  1.78901911e-01 -1.34548441e-01  7.44872466e-02  1.16264902e-01
  1.29391149e-01  7.69195519e-03  1.27289370e-01 -1.34146899e-01
  7.64707178e-02  2.11693093e-01 -2.28775322e-01  2.76041664e-02
  2.49771178e-02 -5.79189248e-02 -4.86497208e-02 -2.43787095e-03
  2.72766203e-01  2.26390764e-01 -6.97232336e-02 -1.30573630e-01
  1.63751394e-01 -1.13919646e-01 -1.34589411e-02  1.69171654e-02
 -1.63185403e-01 -1.46938741e-01 -2.44482249e-01  7.51801580e-02
  3.51663679e-01  7.57038146e-02 -1.98444039e-01  1.08983675e-02
 -7.28217587e-02  8.45386088e-03  5.47948033e-02  7.20792487e-02
 -1.30159721e-01  6.70404546e-03 -1.45608127e-01 -4.22302522e-02
  1.06475100e-01  6.46593496e-02 -1.04944990e-03  1.34133726e-01
  3.76844872e-03  1.84130762e-02  3.73130701e-02 -9.55913961e-02
 -1.17417991e-01  5.04586138e-02 -1.09616108e-01 -1.81049313e-02
  9.75807533e-02 -7.67382085e-02 -1.06140152e-02  3.95277329e-02
 -2.18079746e-01  7.96650574e-02 -1.07873203e-02  3.35407704e-02
 -1.44838784e-02  5.22807576e-02 -1.17957778e-01 -5.25284596e-02
  1.90636605e-01 -2.28010058e-01  1.46893993e-01  1.42359018e-01
 -2.72743125e-02  1.79596141e-01  6.85927495e-02  1.19421020e-01
 -9.59454384e-03 -1.23371007e-02 -1.69025958e-01  1.81933381e-02
  4.65742871e-02  6.21820474e-03  5.50062768e-02  6.27022237e-02]
